Media = 1.19371955394744877488
DesvioP = 0.01204773505639957117
Media = 2.37352735996246355654
DesvioP = 0.01920958957331398917
Media = 4.76942973136901837705
DesvioP = 0.02362458452426535044
Media = 9.54252662658691441777
DesvioP = 0.06173931257546935031
