Media = 8.23478488922119211679
DesvioP = 0.02741801066635071379
Media = 16.45258188247680664062
DesvioP = 0.06465489197547420741
Media = 33.01374530792236328125
DesvioP = 0.09615518462489160145
Media = 65.89220268726349161170
DesvioP = 0.23426558651472492723
